(1, 3, 21)
(1, 3, 127)
(1, 5, 91)
(1, 13, 70)
(1, 15, 20)
(1, 20, 26)
(1, 22, 48)
(1, 22, 91)
(1, 26, 118)
(1, 27, 51)
(1, 30, 51)
(1, 30, 69)
(1, 30, 155)
(1, 31, 32)
(1, 31, 70)
(1, 32, 68)
(1, 34, 56)
(1, 36, 158)
(1, 48, 56)
(1, 48, 59)
(1, 51, 57)
(1, 51, 80)
(1, 51, 149)
(1, 58, 91)
(1, 68, 70)
(1, 70, 85)
(1, 70, 131)
(1, 75, 91)
(1, 75, 94)
(1, 79, 91)
(1, 90, 91)
(1, 91, 94)
(1, 91, 98)
(1, 91, 108)
(1, 112, 123)
(2, 12, 75)
(2, 13, 70)
(2, 15, 20)
(2, 20, 26)
(2, 20, 130)
(2, 22, 48)
(2, 23, 95)
(2, 26, 118)
(2, 30, 37)
(2, 30, 67)
(2, 30, 69)
(2, 30, 80)
(2, 30, 104)
(2, 30, 124)
(2, 30, 155)
(2, 34, 56)
(2, 40, 152)
(2, 56, 75)
(2, 68, 70)
(2, 70, 85)
(2, 70, 131)
(2, 75, 87)
(2, 75, 120)
(2, 75, 127)
(2, 75, 147)
(2, 108, 123)
(2, 112, 123)
(3, 13, 70)
(3, 15, 20)
(3, 18, 80)
(3, 18, 158)
(3, 20, 26)
(3, 20, 130)
(3, 22, 48)
(3, 23, 95)
(3, 30, 69)
(3, 34, 56)
(3, 40, 152)
(3, 42, 75)
(3, 48, 56)
(3, 48, 59)
(3, 53, 70)
(3, 53, 75)
(3, 53, 85)
(3, 56, 73)
(3, 62, 67)
(3, 68, 70)
(3, 70, 85)
(3, 70, 131)
(3, 75, 106)
(3, 75, 131)
(4, 12, 75)
(4, 13, 70)
(4, 15, 20)
(4, 17, 75)
(4, 20, 26)
(4, 20, 31)
(4, 20, 119)
(4, 20, 130)
(4, 20, 158)
(4, 22, 48)
(4, 30, 69)
(4, 34, 56)
(4, 40, 152)
(4, 41, 56)
(4, 46, 48)
(4, 48, 106)
(4, 52, 91)
(4, 53, 70)
(4, 56, 75)
(4, 68, 70)
(4, 70, 85)
(4, 70, 131)
(4, 72, 123)
(4, 75, 97)
(4, 75, 102)
(4, 75, 120)
(4, 75, 123)
(4, 75, 127)
(4, 75, 134)
(4, 75, 147)
(4, 75, 150)
(4, 123, 145)
(5, 7, 75)
(5, 12, 75)
(5, 13, 70)
(5, 15, 20)
(5, 20, 26)
(5, 20, 31)
(5, 20, 119)
(5, 20, 130)
(5, 22, 48)
(5, 26, 118)
(5, 30, 69)
(5, 34, 56)
(5, 40, 152)
(5, 46, 48)
(5, 48, 58)
(5, 48, 59)
(5, 48, 89)
(5, 48, 94)
(5, 48, 114)
(5, 48, 120)
(5, 48, 128)
(5, 48, 141)
(5, 48, 147)
(5, 53, 70)
(5, 54, 61)
(5, 54, 123)
(5, 56, 75)
(5, 56, 123)
(5, 68, 70)
(5, 70, 85)
(5, 70, 131)
(5, 75, 97)
(5, 75, 120)
(5, 75, 127)
(5, 75, 150)
(5, 123, 145)
(6, 12, 75)
(6, 13, 70)
(6, 15, 20)
(6, 15, 70)
(6, 20, 26)
(6, 20, 119)
(6, 20, 130)
(6, 20, 131)
(6, 21, 32)
(6, 29, 76)
(6, 31, 70)
(6, 34, 56)
(6, 38, 70)
(6, 40, 152)
(6, 42, 70)
(6, 45, 70)
(6, 51, 105)
(6, 53, 70)
(6, 53, 85)
(6, 53, 85)
(6, 53, 131)
(6, 57, 70)
(6, 68, 70)
(6, 70, 85)
(6, 70, 109)
(6, 70, 131)
(6, 70, 158)
(6, 76, 155)
(7, 12, 75)
(7, 13, 70)
(7, 15, 20)
(7, 20, 26)
(7, 20, 130)
(7, 22, 48)
(7, 30, 69)
(7, 30, 80)
(7, 33, 75)
(7, 34, 56)
(7, 34, 75)
(7, 40, 152)
(7, 41, 56)
(7, 44, 120)
(7, 46, 75)
(7, 48, 56)
(7, 48, 59)
(7, 52, 70)
(7, 52, 75)
(7, 53, 70)
(7, 54, 75)
(7, 56, 75)
(7, 56, 123)
(7, 59, 75)
(7, 68, 70)
(7, 70, 85)
(7, 70, 131)
(7, 73, 75)
(7, 75, 79)
(7, 75, 94)
(7, 75, 100)
(7, 75, 106)
(7, 75, 108)
(7, 75, 112)
(7, 75, 114)
(7, 75, 122)
(7, 75, 141)
(7, 75, 147)
(7, 79, 123)
(7, 106, 123)
(7, 108, 123)
(7, 123, 127)
(7, 123, 141)
(7, 123, 147)
(8, 12, 75)
(8, 13, 70)
(8, 15, 20)
(8, 20, 26)
(8, 20, 101)
(8, 20, 130)
(8, 20, 151)
(8, 30, 80)
(8, 34, 56)
(8, 40, 152)
(8, 53, 70)
(8, 55, 70)
(8, 68, 70)
(8, 70, 73)
(8, 70, 85)
(8, 70, 89)
(8, 70, 108)
(8, 70, 131)
(8, 70, 141)
(9, 13, 70)
(9, 15, 20)
(9, 20, 26)
(9, 22, 48)
(9, 22, 98)
(9, 26, 118)
(9, 27, 51)
(9, 30, 51)
(9, 32, 123)
(9, 32, 126)
(9, 34, 56)
(9, 35, 51)
(9, 46, 98)
(9, 48, 56)
(9, 48, 59)
(9, 48, 98)
(9, 51, 80)
(9, 51, 124)
(9, 51, 149)
(9, 59, 98)
(9, 68, 70)
(9, 70, 85)
(9, 70, 131)
(9, 73, 98)
(9, 74, 118)
(9, 92, 114)
(9, 94, 103)
(9, 98, 141)
(9, 98, 156)
(10, 12, 75)
(10, 13, 70)
(10, 20, 26)
(10, 20, 130)
(10, 20, 147)
(10, 21, 32)
(10, 30, 69)
(10, 30, 80)
(10, 30, 95)
(10, 30, 155)
(10, 34, 56)
(10, 36, 75)
(10, 40, 152)
(10, 48, 56)
(10, 53, 70)
(10, 56, 75)
(10, 60, 75)
(10, 68, 70)
(10, 70, 85)
(10, 70, 131)
(10, 73, 75)
(10, 75, 108)
(10, 75, 127)
(10, 75, 141)
(10, 75, 147)
(10, 75, 153)
(11, 12, 75)
(11, 13, 70)
(11, 13, 123)
(11, 15, 20)
(11, 17, 80)
(11, 17, 137)
(11, 20, 26)
(11, 20, 101)
(11, 20, 130)
(11, 20, 154)
(11, 21, 32)
(11, 30, 37)
(11, 30, 80)
(11, 31, 70)
(11, 34, 56)
(11, 40, 152)
(11, 53, 70)
(11, 53, 85)
(11, 53, 131)
(11, 70, 85)
(11, 70, 108)
(11, 70, 131)
(11, 70, 141)
(11, 70, 147)
(11, 123, 152)
(11, 123, 156)
(11, 152, 155)
(12, 13, 70)
(12, 13, 75)
(12, 15, 20)
(12, 15, 75)
(12, 17, 75)
(12, 18, 75)
(12, 19, 75)
(12, 20, 26)
(12, 20, 75)
(12, 20, 130)
(12, 22, 75)
(12, 23, 75)
(12, 26, 75)
(12, 30, 69)
(12, 31, 75)
(12, 33, 75)
(12, 34, 56)
(12, 34, 75)
(12, 36, 75)
(12, 40, 75)
(12, 40, 152)
(12, 41, 56)
(12, 41, 75)
(12, 42, 75)
(12, 43, 75)
(12, 43, 127)
(12, 45, 75)
(12, 46, 75)
(12, 47, 75)
(12, 48, 56)
(12, 48, 59)
(12, 48, 75)
(12, 49, 75)
(12, 52, 75)
(12, 53, 70)
(12, 53, 75)
(12, 53, 158)
(12, 54, 75)
(12, 55, 127)
(12, 56, 75)
(12, 56, 127)
(12, 58, 75)
(12, 59, 75)
(12, 59, 127)
(12, 60, 75)
(12, 61, 75)
(12, 63, 75)
(12, 68, 70)
(12, 68, 75)
(12, 70, 75)
(12, 70, 85)
(12, 70, 131)
(12, 71, 75)
(12, 72, 75)
(12, 73, 75)
(12, 75, 79)
(12, 75, 85)
(12, 75, 86)
(12, 75, 89)
(12, 75, 90)
(12, 75, 92)
(12, 75, 94)
(12, 75, 97)
(12, 75, 100)
(12, 75, 102)
(12, 75, 103)
(12, 75, 105)
(12, 75, 106)
(12, 75, 107)
(12, 75, 108)
(12, 75, 109)
(12, 75, 112)
(12, 75, 114)
(12, 75, 119)
(12, 75, 120)
(12, 75, 121)
(12, 75, 122)
(12, 75, 123)
(12, 75, 126)
(12, 75, 129)
(12, 75, 130)
(12, 75, 131)
(12, 75, 132)
(12, 75, 135)
(12, 75, 137)
(12, 75, 138)
(12, 75, 140)
(12, 75, 141)
(12, 75, 142)
(12, 75, 143)
(12, 75, 145)
(12, 75, 147)
(12, 75, 150)
(12, 75, 153)
(12, 75, 156)
(12, 75, 157)
(12, 75, 158)
(12, 127, 141)
(13, 14, 70)
(13, 15, 20)
(13, 15, 70)
(13, 17, 70)
(13, 19, 70)
(13, 20, 26)
(13, 21, 70)
(13, 22, 70)
(13, 23, 70)
(13, 23, 95)
(13, 24, 70)
(13, 25, 70)
(13, 26, 70)
(13, 27, 70)
(13, 28, 70)
(13, 29, 70)
(13, 30, 70)
(13, 30, 104)
(13, 31, 70)
(13, 32, 70)
(13, 34, 56)
(13, 34, 70)
(13, 35, 70)
(13, 36, 70)
(13, 37, 70)
(13, 38, 70)
(13, 40, 70)
(13, 40, 152)
(13, 41, 70)
(13, 42, 70)
(13, 43, 70)
(13, 44, 70)
(13, 45, 70)
(13, 46, 70)
(13, 47, 70)
(13, 48, 70)
(13, 49, 70)
(13, 50, 70)
(13, 51, 70)
(13, 52, 70)
(13, 53, 70)
(13, 54, 70)
(13, 55, 70)
(13, 56, 70)
(13, 57, 70)
(13, 58, 70)
(13, 59, 70)
(13, 60, 70)
(13, 61, 70)
(13, 62, 70)
(13, 63, 70)
(13, 64, 70)
(13, 65, 70)
(13, 66, 70)
(13, 67, 70)
(13, 68, 70)
(13, 69, 70)
(13, 70, 71)
(13, 70, 73)
(13, 70, 74)
(13, 70, 75)
(13, 70, 77)
(13, 70, 78)
(13, 70, 79)
(13, 70, 80)
(13, 70, 81)
(13, 70, 82)
(13, 70, 83)
(13, 70, 84)
(13, 70, 85)
(13, 70, 86)
(13, 70, 87)
(13, 70, 88)
(13, 70, 89)
(13, 70, 90)
(13, 70, 91)
(13, 70, 92)
(13, 70, 93)
(13, 70, 94)
(13, 70, 95)
(13, 70, 96)
(13, 70, 97)
(13, 70, 98)
(13, 70, 99)
(13, 70, 100)
(13, 70, 101)
(13, 70, 102)
(13, 70, 103)
(13, 70, 104)
(13, 70, 105)
(13, 70, 106)
(13, 70, 108)
(13, 70, 109)
(13, 70, 110)
(13, 70, 111)
(13, 70, 113)
(13, 70, 115)
(13, 70, 116)
(13, 70, 117)
(13, 70, 118)
(13, 70, 119)
(13, 70, 120)
(13, 70, 124)
(13, 70, 125)
(13, 70, 127)
(13, 70, 128)
(13, 70, 129)
(13, 70, 130)
(13, 70, 131)
(13, 70, 133)
(13, 70, 134)
(13, 70, 135)
(13, 70, 136)
(13, 70, 137)
(13, 70, 139)
(13, 70, 141)
(13, 70, 144)
(13, 70, 146)
(13, 70, 147)
(13, 70, 148)
(13, 70, 149)
(13, 70, 150)
(13, 70, 151)
(13, 70, 152)
(13, 70, 153)
(13, 70, 154)
(13, 70, 155)
(13, 70, 156)
(13, 70, 157)
(13, 70, 158)
(13, 70, 159)
(13, 123, 152)
(14, 18, 85)
(14, 18, 158)
(14, 20, 26)
(14, 20, 56)
(14, 20, 88)
(14, 20, 108)
(14, 30, 32)
(14, 30, 37)
(14, 30, 67)
(14, 30, 69)
(14, 30, 80)
(14, 34, 56)
(14, 40, 152)
(14, 48, 56)
(14, 51, 55)
(14, 51, 68)
(14, 51, 108)
(14, 51, 141)
(14, 53, 85)
(14, 68, 70)
(14, 70, 85)
(14, 70, 131)
(14, 152, 155)
(15, 16, 20)
(15, 17, 20)
(15, 18, 20)
(15, 18, 158)
(15, 19, 20)
(15, 20, 21)
(15, 20, 22)
(15, 20, 24)
(15, 20, 25)
(15, 20, 26)
(15, 20, 28)
(15, 20, 29)
(15, 20, 32)
(15, 20, 33)
(15, 20, 34)
(15, 20, 35)
(15, 20, 36)
(15, 20, 38)
(15, 20, 39)
(15, 20, 40)
(15, 20, 41)
(15, 20, 42)
(15, 20, 43)
(15, 20, 44)
(15, 20, 46)
(15, 20, 47)
(15, 20, 48)
(15, 20, 49)
(15, 20, 50)
(15, 20, 52)
(15, 20, 53)
(15, 20, 54)
(15, 20, 55)
(15, 20, 56)
(15, 20, 57)
(15, 20, 58)
(15, 20, 59)
(15, 20, 60)
(15, 20, 61)
(15, 20, 62)
(15, 20, 63)
(15, 20, 64)
(15, 20, 65)
(15, 20, 66)
(15, 20, 67)
(15, 20, 68)
(15, 20, 70)
(15, 20, 71)
(15, 20, 72)
(15, 20, 73)
(15, 20, 74)
(15, 20, 75)
(15, 20, 76)
(15, 20, 78)
(15, 20, 79)
(15, 20, 80)
(15, 20, 82)
(15, 20, 83)
(15, 20, 84)
(15, 20, 85)
(15, 20, 86)
(15, 20, 87)
(15, 20, 88)
(15, 20, 89)
(15, 20, 90)
(15, 20, 91)
(15, 20, 92)
(15, 20, 93)
(15, 20, 94)
(15, 20, 97)
(15, 20, 98)
(15, 20, 100)
(15, 20, 102)
(15, 20, 103)
(15, 20, 105)
(15, 20, 106)
(15, 20, 107)
(15, 20, 108)
(15, 20, 110)
(15, 20, 111)
(15, 20, 112)
(15, 20, 113)
(15, 20, 114)
(15, 20, 115)
(15, 20, 117)
(15, 20, 119)
(15, 20, 120)
(15, 20, 121)
(15, 20, 122)
(15, 20, 123)
(15, 20, 125)
(15, 20, 126)
(15, 20, 127)
(15, 20, 128)
(15, 20, 129)
(15, 20, 131)
(15, 20, 132)
(15, 20, 133)
(15, 20, 134)
(15, 20, 135)
(15, 20, 136)
(15, 20, 137)
(15, 20, 138)
(15, 20, 139)
(15, 20, 140)
(15, 20, 141)
(15, 20, 142)
(15, 20, 143)
(15, 20, 144)
(15, 20, 147)
(15, 20, 148)
(15, 20, 150)
(15, 20, 151)
(15, 20, 152)
(15, 20, 153)
(15, 20, 155)
(15, 20, 156)
(15, 20, 157)
(15, 20, 158)
(15, 20, 159)
(15, 21, 32)
(15, 30, 67)
(15, 30, 69)
(15, 30, 80)
(15, 30, 155)
(15, 34, 56)
(15, 36, 75)
(15, 40, 152)
(15, 53, 70)
(15, 53, 85)
(15, 68, 70)
(15, 70, 85)
(15, 70, 108)
(15, 70, 131)
(15, 70, 141)
(15, 135, 138)
(15, 152, 155)
(16, 18, 158)
(16, 20, 26)
(16, 20, 101)
(16, 20, 130)
(16, 21, 32)
(16, 30, 37)
(16, 30, 80)
(16, 30, 104)
(16, 34, 56)
(16, 53, 68)
(16, 53, 85)
(16, 68, 70)
(16, 70, 85)
(16, 70, 131)
(17, 20, 26)
(17, 20, 130)
(17, 21, 32)
(17, 30, 37)
(17, 30, 80)
(17, 30, 95)
(17, 30, 104)
(17, 30, 155)
(17, 34, 56)
(17, 40, 152)
(17, 53, 85)
(17, 54, 75)
(17, 56, 75)
(17, 68, 70)
(17, 70, 85)
(17, 70, 131)
(17, 73, 75)
(17, 75, 108)
(17, 75, 120)
(17, 75, 127)
(17, 75, 150)
(18, 19, 33)
(18, 19, 61)
(18, 19, 112)
(18, 19, 126)
(18, 20, 26)
(18, 20, 130)
(18, 21, 115)
(18, 23, 87)
(18, 23, 158)
(18, 26, 87)
(18, 26, 158)
(18, 27, 80)
(18, 27, 87)
(18, 27, 158)
(18, 29, 87)
(18, 30, 87)
(18, 31, 158)
(18, 34, 56)
(18, 35, 158)
(18, 36, 75)
(18, 36, 87)
(18, 36, 158)
(18, 37, 87)
(18, 40, 53)
(18, 40, 152)
(18, 40, 158)
(18, 45, 158)
(18, 51, 87)
(18, 51, 158)
(18, 56, 73)
(18, 66, 85)
(18, 66, 87)
(18, 66, 158)
(18, 68, 70)
(18, 69, 158)
(18, 70, 85)
(18, 70, 131)
(18, 72, 140)
(18, 75, 147)
(18, 76, 87)
(18, 77, 158)
(18, 78, 85)
(18, 78, 87)
(18, 80, 85)
(18, 80, 87)
(18, 80, 158)
(18, 81, 158)
(18, 83, 87)
(18, 85, 99)
(18, 85, 158)
(18, 87, 99)
(18, 95, 158)
(18, 96, 158)
(18, 97, 158)
(18, 99, 158)
(18, 101, 158)
(18, 105, 158)
(18, 109, 158)
(18, 111, 158)
(18, 113, 158)
(18, 116, 158)
(18, 119, 158)
(18, 124, 158)
(18, 134, 158)
(18, 138, 158)
(18, 139, 158)
(18, 142, 158)
(18, 148, 158)
(18, 149, 158)
(18, 152, 158)
(18, 155, 158)
(18, 158, 159)
(19, 20, 26)
(19, 20, 119)
(19, 20, 130)
(19, 30, 69)
(19, 34, 56)
(19, 40, 152)
(19, 43, 75)
(19, 58, 75)
(19, 68, 70)
(19, 70, 85)
(19, 70, 131)
(19, 75, 100)
(19, 75, 127)
(19, 75, 147)
(20, 21, 26)
(20, 21, 32)
(20, 21, 151)
(20, 22, 26)
(20, 22, 31)
(20, 22, 119)
(20, 22, 130)
(20, 22, 151)
(20, 23, 26)
(20, 24, 26)
(20, 24, 101)
(20, 24, 154)
(20, 25, 26)
(20, 26, 27)
(20, 26, 28)
(20, 26, 29)
(20, 26, 30)
(20, 26, 31)
(20, 26, 32)
(20, 26, 33)
(20, 26, 34)
(20, 26, 35)
(20, 26, 36)
(20, 26, 37)
(20, 26, 38)
(20, 26, 39)
(20, 26, 40)
(20, 26, 41)
(20, 26, 42)
(20, 26, 43)
(20, 26, 44)
(20, 26, 45)
(20, 26, 46)
(20, 26, 47)
(20, 26, 48)
(20, 26, 49)
(20, 26, 50)
(20, 26, 51)
(20, 26, 52)
(20, 26, 53)
(20, 26, 54)
(20, 26, 55)
(20, 26, 56)
(20, 26, 57)
(20, 26, 58)
(20, 26, 59)
(20, 26, 60)
(20, 26, 61)
(20, 26, 62)
(20, 26, 63)
(20, 26, 64)
(20, 26, 65)
(20, 26, 66)
(20, 26, 67)
(20, 26, 68)
(20, 26, 69)
(20, 26, 70)
(20, 26, 71)
(20, 26, 72)
(20, 26, 73)
(20, 26, 74)
(20, 26, 75)
(20, 26, 76)
(20, 26, 77)
(20, 26, 78)
(20, 26, 79)
(20, 26, 80)
(20, 26, 81)
(20, 26, 82)
(20, 26, 83)
(20, 26, 84)
(20, 26, 85)
(20, 26, 86)
(20, 26, 87)
(20, 26, 88)
(20, 26, 89)
(20, 26, 90)
(20, 26, 91)
(20, 26, 92)
(20, 26, 93)
(20, 26, 94)
(20, 26, 95)
(20, 26, 96)
(20, 26, 97)
(20, 26, 98)
(20, 26, 99)
(20, 26, 100)
(20, 26, 101)
(20, 26, 102)
(20, 26, 103)
(20, 26, 104)
(20, 26, 105)
(20, 26, 106)
(20, 26, 107)
(20, 26, 108)
(20, 26, 109)
(20, 26, 110)
(20, 26, 111)
(20, 26, 112)
(20, 26, 113)
(20, 26, 114)
(20, 26, 115)
(20, 26, 117)
(20, 26, 118)
(20, 26, 119)
(20, 26, 120)
(20, 26, 121)
(20, 26, 122)
(20, 26, 123)
(20, 26, 124)
(20, 26, 125)
(20, 26, 126)
(20, 26, 127)
(20, 26, 128)
(20, 26, 129)
(20, 26, 130)
(20, 26, 131)
(20, 26, 132)
(20, 26, 133)
(20, 26, 134)
(20, 26, 135)
(20, 26, 136)
(20, 26, 137)
(20, 26, 138)
(20, 26, 139)
(20, 26, 140)
(20, 26, 141)
(20, 26, 142)
(20, 26, 143)
(20, 26, 144)
(20, 26, 145)
(20, 26, 146)
(20, 26, 147)
(20, 26, 148)
(20, 26, 149)
(20, 26, 150)
(20, 26, 151)
(20, 26, 152)
(20, 26, 153)
(20, 26, 154)
(20, 26, 155)
(20, 26, 156)
(20, 26, 157)
(20, 26, 158)
(20, 26, 159)
(20, 30, 67)
(20, 30, 80)
(20, 30, 155)
(20, 31, 46)
(20, 31, 73)
(20, 31, 106)
(20, 31, 141)
(20, 32, 154)
(20, 33, 130)
(20, 34, 56)
(20, 34, 130)
(20, 34, 142)
(20, 35, 130)
(20, 36, 75)
(20, 36, 130)
(20, 38, 101)
(20, 40, 152)
(20, 41, 119)
(20, 41, 130)
(20, 42, 130)
(20, 43, 130)
(20, 44, 101)
(20, 44, 151)
(20, 46, 119)
(20, 46, 130)
(20, 48, 119)
(20, 48, 130)
(20, 49, 119)
(20, 49, 130)
(20, 50, 119)
(20, 52, 130)
(20, 53, 70)
(20, 53, 130)
(20, 54, 130)
(20, 55, 101)
(20, 56, 130)
(20, 58, 130)
(20, 59, 119)
(20, 59, 130)
(20, 60, 119)
(20, 63, 130)
(20, 64, 101)
(20, 65, 101)
(20, 65, 154)
(20, 66, 101)
(20, 68, 70)
(20, 70, 73)
(20, 70, 85)
(20, 70, 106)
(20, 70, 108)
(20, 70, 131)
(20, 70, 141)
(20, 70, 147)
(20, 71, 130)
(20, 72, 130)
(20, 72, 131)
(20, 73, 101)
(20, 73, 119)
(20, 73, 130)
(20, 73, 151)
(20, 74, 130)
(20, 75, 130)
(20, 78, 101)
(20, 79, 130)
(20, 82, 101)
(20, 84, 101)
(20, 84, 154)
(20, 85, 130)
(20, 88, 101)
(20, 88, 130)
(20, 89, 130)
(20, 90, 119)
(20, 90, 130)
(20, 91, 101)
(20, 92, 130)
(20, 93, 101)
(20, 93, 154)
(20, 94, 130)
(20, 96, 101)
(20, 97, 130)
(20, 100, 130)
(20, 101, 108)
(20, 101, 117)
(20, 101, 134)
(20, 101, 141)
(20, 101, 144)
(20, 101, 159)
(20, 102, 130)
(20, 102, 151)
(20, 103, 130)
(20, 106, 119)
(20, 106, 130)
(20, 106, 151)
(20, 108, 119)
(20, 108, 130)
(20, 108, 151)
(20, 108, 154)
(20, 112, 130)
(20, 114, 130)
(20, 117, 151)
(20, 119, 120)
(20, 119, 131)
(20, 119, 141)
(20, 119, 147)
(20, 119, 150)
(20, 119, 156)
(20, 120, 130)
(20, 121, 130)
(20, 122, 130)
(20, 126, 130)
(20, 127, 130)
(20, 129, 130)
(20, 130, 131)
(20, 130, 132)
(20, 130, 135)
(20, 130, 138)
(20, 130, 140)
(20, 130, 141)
(20, 130, 143)
(20, 130, 147)
(20, 130, 150)
(20, 130, 153)
(20, 130, 156)
(20, 135, 138)
(20, 151, 153)
(20, 152, 155)
(21, 23, 32)
(21, 23, 95)
(21, 26, 32)
(21, 30, 51)
(21, 30, 69)
(21, 31, 32)
(21, 32, 33)
(21, 32, 51)
(21, 32, 53)
(21, 32, 65)
(21, 32, 66)
(21, 32, 67)
(21, 32, 68)
(21, 32, 69)
(21, 32, 70)
(21, 32, 71)
(21, 32, 72)
(21, 32, 77)
(21, 32, 85)
(21, 32, 96)
(21, 32, 97)
(21, 32, 101)
(21, 32, 102)
(21, 32, 105)
(21, 32, 108)
(21, 32, 109)
(21, 32, 111)
(21, 32, 112)
(21, 32, 123)
(21, 32, 130)
(21, 32, 131)
(21, 32, 134)
(21, 32, 142)
(21, 32, 143)
(21, 32, 144)
(21, 32, 145)
(21, 32, 147)
(21, 32, 151)
(21, 32, 154)
(21, 32, 155)
(21, 32, 157)
(21, 34, 56)
(21, 35, 56)
(21, 40, 117)
(21, 41, 56)
(21, 48, 56)
(21, 48, 59)
(21, 51, 57)
(21, 53, 70)
(21, 53, 85)
(21, 56, 119)
(21, 67, 97)
(21, 67, 152)
(21, 68, 70)
(21, 70, 85)
(21, 70, 131)
(21, 92, 114)
(21, 94, 103)
(21, 107, 115)
(22, 25, 48)
(22, 26, 118)
(22, 28, 44)
(22, 30, 69)
(22, 32, 48)
(22, 33, 123)
(22, 34, 48)
(22, 34, 56)
(22, 38, 48)
(22, 39, 48)
(22, 40, 152)
(22, 44, 48)
(22, 46, 48)
(22, 48, 49)
(22, 48, 55)
(22, 48, 56)
(22, 48, 57)
(22, 48, 58)
(22, 48, 59)
(22, 48, 60)
(22, 48, 62)
(22, 48, 64)
(22, 48, 73)
(22, 48, 75)
(22, 48, 79)
(22, 48, 82)
(22, 48, 84)
(22, 48, 86)
(22, 48, 87)
(22, 48, 89)
(22, 48, 91)
(22, 48, 93)
(22, 48, 94)
(22, 48, 95)
(22, 48, 98)
(22, 48, 100)
(22, 48, 106)
(22, 48, 110)
(22, 48, 113)
(22, 48, 116)
(22, 48, 117)
(22, 48, 120)
(22, 48, 125)
(22, 48, 127)
(22, 48, 128)
(22, 48, 133)
(22, 48, 136)
(22, 48, 139)
(22, 48, 140)
(22, 48, 141)
(22, 48, 147)
(22, 48, 148)
(22, 48, 149)
(22, 48, 150)
(22, 48, 153)
(22, 48, 156)
(22, 48, 158)
(22, 53, 70)
(22, 53, 85)
(22, 56, 75)
(22, 56, 123)
(22, 67, 152)
(22, 68, 70)
(22, 70, 85)
(22, 70, 130)
(22, 70, 131)
(22, 74, 118)
(22, 75, 120)
(22, 75, 127)
(22, 75, 141)
(22, 112, 123)
(22, 114, 123)
(22, 122, 123)
(22, 123, 145)
(22, 152, 155)
(23, 34, 56)
(23, 39, 95)
(23, 40, 95)
(23, 44, 95)
(23, 48, 56)
(23, 50, 95)
(23, 53, 70)
(23, 53, 85)
(23, 56, 100)
(23, 60, 95)
(23, 63, 95)
(23, 65, 95)
(23, 68, 70)
(23, 70, 85)
(23, 70, 95)
(23, 70, 131)
(23, 73, 95)
(23, 76, 95)
(23, 80, 95)
(23, 95, 100)
(23, 95, 103)
(23, 95, 106)
(23, 95, 107)
(23, 95, 108)
(23, 95, 116)
(23, 95, 121)
(23, 95, 129)
(23, 95, 131)
(23, 95, 136)
(23, 95, 141)
(23, 95, 147)
(23, 95, 153)
(23, 95, 156)
(23, 95, 157)
(23, 95, 158)
(24, 29, 152)
(24, 30, 69)
(24, 30, 155)
(24, 31, 70)
(24, 34, 56)
(24, 40, 152)
(24, 48, 59)
(24, 53, 85)
(24, 56, 120)
(24, 68, 70)
(24, 70, 85)
(24, 70, 131)
(25, 30, 51)
(25, 30, 69)
(25, 34, 56)
(25, 40, 152)
(25, 41, 56)
(25, 48, 56)
(25, 48, 59)
(25, 53, 70)
(25, 53, 85)
(25, 68, 70)
(25, 70, 85)
(25, 70, 131)
(25, 75, 94)
(26, 27, 118)
(26, 30, 69)
(26, 30, 80)
(26, 32, 118)
(26, 34, 56)
(26, 38, 118)
(26, 40, 152)
(26, 46, 118)
(26, 48, 118)
(26, 52, 118)
(26, 53, 70)
(26, 53, 85)
(26, 56, 118)
(26, 60, 118)
(26, 61, 118)
(26, 62, 118)
(26, 63, 118)
(26, 68, 70)
(26, 70, 85)
(26, 70, 131)
(26, 73, 118)
(26, 90, 154)
(26, 98, 118)
(26, 106, 118)
(26, 108, 118)
(26, 115, 118)
(26, 118, 128)
(27, 28, 30)
(27, 28, 51)
(27, 29, 51)
(27, 30, 51)
(27, 30, 52)
(27, 30, 67)
(27, 30, 69)
(27, 30, 104)
(27, 30, 144)
(27, 34, 56)
(27, 35, 51)
(27, 37, 51)
(27, 38, 51)
(27, 39, 51)
(27, 40, 51)
(27, 44, 51)
(27, 44, 69)
(27, 44, 148)
(27, 48, 56)
(27, 48, 59)
(27, 50, 51)
(27, 51, 57)
(27, 51, 62)
(27, 51, 80)
(27, 51, 82)
(27, 51, 84)
(27, 51, 86)
(27, 51, 104)
(27, 51, 110)
(27, 51, 113)
(27, 51, 136)
(27, 51, 149)
(27, 51, 152)
(27, 52, 91)
(27, 53, 70)
(27, 53, 85)
(27, 56, 100)
(27, 68, 70)
(27, 70, 85)
(27, 70, 131)
(27, 92, 114)
(28, 30, 51)
(28, 33, 44)
(28, 34, 56)
(28, 36, 44)
(28, 41, 44)
(28, 43, 44)
(28, 44, 46)
(28, 44, 48)
(28, 44, 49)
(28, 44, 54)
(28, 44, 59)
(28, 44, 61)
(28, 44, 70)
(28, 44, 75)
(28, 44, 79)
(28, 44, 80)
(28, 44, 85)
(28, 44, 90)
(28, 44, 92)
(28, 44, 94)
(28, 44, 107)
(28, 44, 108)
(28, 44, 114)
(28, 44, 124)
(28, 44, 126)
(28, 44, 127)
(28, 44, 131)
(28, 44, 134)
(28, 44, 139)
(28, 44, 141)
(28, 44, 147)
(28, 44, 152)
(28, 48, 56)
(28, 48, 59)
(28, 53, 70)
(28, 53, 85)
(28, 68, 70)
(28, 70, 85)
(28, 70, 131)
(28, 74, 118)
(29, 34, 56)
(29, 35, 51)
(29, 37, 152)
(29, 38, 76)
(29, 43, 152)
(29, 47, 70)
(29, 48, 59)
(29, 51, 124)
(29, 51, 149)
(29, 53, 68)
(29, 53, 71)
(29, 53, 85)
(29, 57, 152)
(29, 62, 76)
(29, 65, 152)
(29, 68, 70)
(29, 70, 71)
(29, 70, 85)
(29, 70, 131)
(29, 72, 152)
(29, 74, 118)
(29, 74, 152)
(29, 81, 152)
(29, 84, 152)
(29, 92, 114)
(29, 94, 103)
(29, 96, 155)
(29, 107, 152)
(29, 137, 152)
(29, 143, 152)
(29, 146, 152)
(29, 149, 152)
(30, 31, 69)
(30, 32, 51)
(30, 32, 69)
(30, 33, 69)
(30, 33, 80)
(30, 34, 56)
(30, 35, 67)
(30, 35, 69)
(30, 35, 95)
(30, 36, 69)
(30, 37, 69)
(30, 37, 72)
(30, 37, 103)
(30, 37, 112)
(30, 37, 114)
(30, 37, 122)
(30, 37, 126)
(30, 37, 132)
(30, 37, 135)
(30, 38, 51)
(30, 39, 51)
(30, 39, 69)
(30, 40, 69)
(30, 41, 69)
(30, 42, 67)
(30, 42, 80)
(30, 42, 155)
(30, 43, 69)
(30, 44, 61)
(30, 44, 67)
(30, 44, 69)
(30, 44, 69)
(30, 44, 80)
(30, 44, 104)
(30, 45, 67)
(30, 45, 69)
(30, 45, 155)
(30, 46, 69)
(30, 48, 56)
(30, 48, 59)
(30, 48, 69)
(30, 49, 69)
(30, 50, 69)
(30, 51, 55)
(30, 51, 65)
(30, 51, 69)
(30, 51, 82)
(30, 51, 86)
(30, 51, 91)
(30, 51, 93)
(30, 51, 98)
(30, 51, 104)
(30, 51, 110)
(30, 51, 115)
(30, 51, 117)
(30, 51, 136)
(30, 51, 148)
(30, 51, 155)
(30, 51, 159)
(30, 52, 69)
(30, 52, 80)
(30, 52, 155)
(30, 53, 85)
(30, 55, 69)
(30, 56, 69)
(30, 57, 67)
(30, 57, 80)
(30, 57, 95)
(30, 58, 69)
(30, 58, 80)
(30, 58, 95)
(30, 58, 124)
(30, 58, 155)
(30, 59, 69)
(30, 60, 69)
(30, 61, 80)
(30, 62, 69)
(30, 63, 80)
(30, 63, 155)
(30, 65, 69)
(30, 65, 80)
(30, 66, 69)
(30, 66, 80)
(30, 67, 69)
(30, 67, 76)
(30, 67, 80)
(30, 67, 81)
(30, 67, 84)
(30, 67, 86)
(30, 67, 113)
(30, 67, 119)
(30, 67, 121)
(30, 67, 123)
(30, 67, 137)
(30, 67, 138)
(30, 67, 146)
(30, 67, 149)
(30, 68, 70)
(30, 69, 70)
(30, 69, 71)
(30, 69, 72)
(30, 69, 73)
(30, 69, 74)
(30, 69, 75)
(30, 69, 76)
(30, 69, 77)
(30, 69, 78)
(30, 69, 79)
(30, 69, 80)
(30, 69, 81)
(30, 69, 82)
(30, 69, 83)
(30, 69, 84)
(30, 69, 85)
(30, 69, 86)
(30, 69, 87)
(30, 69, 88)
(30, 69, 89)
(30, 69, 90)
(30, 69, 91)
(30, 69, 92)
(30, 69, 93)
(30, 69, 94)
(30, 69, 95)
(30, 69, 96)
(30, 69, 97)
(30, 69, 98)
(30, 69, 99)
(30, 69, 100)
(30, 69, 102)
(30, 69, 103)
(30, 69, 104)
(30, 69, 105)
(30, 69, 106)
(30, 69, 107)
(30, 69, 108)
(30, 69, 109)
(30, 69, 110)
(30, 69, 111)
(30, 69, 113)
(30, 69, 114)
(30, 69, 115)
(30, 69, 116)
(30, 69, 117)
(30, 69, 118)
(30, 69, 119)
(30, 69, 120)
(30, 69, 122)
(30, 69, 123)
(30, 69, 124)
(30, 69, 125)
(30, 69, 126)
(30, 69, 127)
(30, 69, 128)
(30, 69, 130)
(30, 69, 132)
(30, 69, 133)
(30, 69, 134)
(30, 69, 135)
(30, 69, 136)
(30, 69, 137)
(30, 69, 138)
(30, 69, 139)
(30, 69, 140)
(30, 69, 141)
(30, 69, 143)
(30, 69, 144)
(30, 69, 145)
(30, 69, 146)
(30, 69, 147)
(30, 69, 148)
(30, 69, 149)
(30, 69, 150)
(30, 69, 151)
(30, 69, 152)
(30, 69, 153)
(30, 69, 154)
(30, 69, 155)
(30, 69, 156)
(30, 69, 157)
(30, 69, 158)
(30, 70, 85)
(30, 70, 131)
(30, 71, 80)
(30, 72, 80)
(30, 72, 95)
(30, 72, 155)
(30, 74, 80)
(30, 76, 80)
(30, 79, 155)
(30, 80, 81)
(30, 80, 88)
(30, 80, 89)
(30, 80, 92)
(30, 80, 94)
(30, 80, 95)
(30, 80, 96)
(30, 80, 97)
(30, 80, 99)
(30, 80, 102)
(30, 80, 103)
(30, 80, 107)
(30, 80, 112)
(30, 80, 114)
(30, 80, 118)
(30, 80, 121)
(30, 80, 122)
(30, 80, 123)
(30, 80, 126)
(30, 80, 128)
(30, 80, 130)
(30, 80, 132)
(30, 80, 134)
(30, 80, 135)
(30, 80, 137)
(30, 80, 138)
(30, 80, 140)
(30, 80, 143)
(30, 80, 144)
(30, 80, 145)
(30, 80, 146)
(30, 80, 148)
(30, 80, 151)
(30, 80, 154)
(30, 80, 155)
(30, 81, 95)
(30, 81, 144)
(30, 84, 144)
(30, 86, 101)
(30, 86, 155)
(30, 88, 155)
(30, 89, 155)
(30, 92, 114)
(30, 92, 155)
(30, 93, 124)
(30, 93, 155)
(30, 94, 95)
(30, 94, 124)
(30, 94, 155)
(30, 95, 99)
(30, 95, 111)
(30, 95, 137)
(30, 95, 143)
(30, 95, 145)
(30, 95, 146)
(30, 96, 155)
(30, 97, 155)
(30, 101, 110)
(30, 101, 118)
(30, 101, 151)
(30, 102, 155)
(30, 103, 155)
(30, 104, 123)
(30, 104, 126)
(30, 104, 155)
(30, 105, 155)
(30, 109, 155)
(30, 110, 155)
(30, 112, 155)
(30, 113, 155)
(30, 114, 155)
(30, 116, 144)
(30, 118, 155)
(30, 119, 155)
(30, 122, 155)
(30, 123, 155)
(30, 126, 146)
(30, 126, 155)
(30, 128, 155)
(30, 130, 155)
(30, 133, 155)
(30, 135, 146)
(30, 135, 155)
(30, 137, 144)
(30, 137, 155)
(30, 140, 155)
(30, 142, 155)
(30, 143, 155)
(30, 144, 146)
(30, 145, 155)
(30, 146, 155)
(30, 148, 155)
(31, 34, 56)
(31, 36, 75)
(31, 48, 56)
(31, 53, 68)
(31, 53, 70)
(31, 53, 81)
(31, 53, 85)
(31, 53, 137)
(31, 54, 70)
(31, 56, 100)
(31, 62, 70)
(31, 68, 70)
(31, 70, 71)
(31, 70, 72)
(31, 70, 81)
(31, 70, 85)
(31, 70, 86)
(31, 70, 90)
(31, 70, 94)
(31, 70, 99)
(31, 70, 119)
(31, 70, 130)
(31, 70, 131)
(31, 70, 137)
(31, 70, 143)
(31, 70, 145)
(31, 70, 147)
(31, 75, 79)
(32, 34, 56)
(32, 36, 158)
(32, 41, 56)
(32, 48, 56)
(32, 48, 59)
(32, 48, 91)
(32, 50, 91)
(32, 51, 57)
(32, 52, 91)
(32, 68, 70)
(32, 70, 85)
(32, 70, 131)
(32, 75, 94)
(32, 91, 99)
(32, 91, 137)
(32, 92, 114)
(33, 34, 56)
(33, 40, 152)
(33, 41, 123)
(33, 43, 123)
(33, 44, 69)
(33, 44, 146)
(33, 46, 123)
(33, 48, 123)
(33, 49, 123)
(33, 51, 105)
(33, 53, 85)
(33, 56, 75)
(33, 59, 123)
(33, 68, 70)
(33, 70, 85)
(33, 70, 131)
(33, 75, 120)
(33, 75, 150)
(33, 90, 123)
(33, 106, 123)
(33, 108, 123)
(33, 123, 156)
(34, 35, 56)
(34, 36, 56)
(34, 36, 152)
(34, 37, 56)
(34, 38, 56)
(34, 39, 56)
(34, 40, 56)
(34, 40, 152)
(34, 41, 56)
(34, 42, 56)
(34, 43, 56)
(34, 44, 56)
(34, 45, 56)
(34, 46, 48)
(34, 46, 56)
(34, 46, 75)
(34, 47, 56)
(34, 48, 56)
(34, 48, 75)
(34, 49, 56)
(34, 50, 56)
(34, 51, 56)
(34, 52, 56)
(34, 53, 56)
(34, 53, 70)
(34, 54, 56)
(34, 55, 56)
(34, 56, 57)
(34, 56, 58)
(34, 56, 59)
(34, 56, 60)
(34, 56, 61)
(34, 56, 62)
(34, 56, 63)
(34, 56, 64)
(34, 56, 65)
(34, 56, 66)
(34, 56, 67)
(34, 56, 68)
(34, 56, 69)
(34, 56, 70)
(34, 56, 71)
(34, 56, 72)
(34, 56, 73)
(34, 56, 74)
(34, 56, 75)
(34, 56, 76)
(34, 56, 77)
(34, 56, 78)
(34, 56, 79)
(34, 56, 80)
(34, 56, 81)
(34, 56, 82)
(34, 56, 83)
(34, 56, 84)
(34, 56, 85)
(34, 56, 86)
(34, 56, 87)
(34, 56, 88)
(34, 56, 89)
(34, 56, 90)
(34, 56, 91)
(34, 56, 92)
(34, 56, 93)
(34, 56, 94)
(34, 56, 95)
(34, 56, 96)
(34, 56, 97)
(34, 56, 98)
(34, 56, 99)
(34, 56, 100)
(34, 56, 101)
(34, 56, 102)
(34, 56, 103)
(34, 56, 104)
(34, 56, 105)
(34, 56, 106)
(34, 56, 107)
(34, 56, 108)
(34, 56, 109)
(34, 56, 110)
(34, 56, 111)
(34, 56, 112)
(34, 56, 113)
(34, 56, 114)
(34, 56, 115)
(34, 56, 116)
(34, 56, 117)
(34, 56, 118)
(34, 56, 119)
(34, 56, 120)
(34, 56, 121)
(34, 56, 122)
(34, 56, 123)
(34, 56, 124)
(34, 56, 125)
(34, 56, 126)
(34, 56, 127)
(34, 56, 128)
(34, 56, 129)
(34, 56, 130)
(34, 56, 131)
(34, 56, 132)
(34, 56, 133)
(34, 56, 134)
(34, 56, 135)
(34, 56, 136)
(34, 56, 137)
(34, 56, 138)
(34, 56, 139)
(34, 56, 140)
(34, 56, 141)
(34, 56, 142)
(34, 56, 143)
(34, 56, 144)
(34, 56, 145)
(34, 56, 146)
(34, 56, 147)
(34, 56, 148)
(34, 56, 149)
(34, 56, 150)
(34, 56, 151)
(34, 56, 152)
(34, 56, 153)
(34, 56, 154)
(34, 56, 155)
(34, 56, 156)
(34, 56, 157)
(34, 56, 158)
(34, 56, 159)
(34, 58, 75)
(34, 68, 70)
(34, 70, 85)
(34, 70, 108)
(34, 70, 131)
(34, 75, 127)
(34, 75, 147)
(34, 103, 152)
(34, 122, 152)
(35, 38, 51)
(35, 51, 55)
(35, 51, 86)
(35, 51, 117)
(35, 51, 136)
(35, 53, 70)
(35, 68, 70)
(35, 70, 85)
(35, 70, 131)
(36, 40, 152)
(36, 41, 56)
(36, 42, 75)
(36, 47, 75)
(36, 48, 56)
(36, 52, 75)
(36, 53, 70)
(36, 53, 75)
(36, 53, 85)
(36, 53, 158)
(36, 54, 75)
(36, 54, 152)
(36, 55, 158)
(36, 56, 73)
(36, 58, 75)
(36, 63, 75)
(36, 68, 70)
(36, 70, 85)
(36, 70, 130)
(36, 70, 131)
(36, 75, 79)
(36, 75, 85)
(36, 75, 89)
(36, 75, 108)
(36, 75, 109)
(36, 78, 152)
(36, 80, 152)
(36, 81, 152)
(36, 85, 158)
(36, 89, 127)
(36, 99, 152)
(36, 108, 158)
(36, 124, 152)
(36, 137, 152)
(36, 141, 158)
(37, 48, 56)
(37, 48, 59)
(37, 53, 85)
(37, 68, 70)
(37, 70, 85)
(37, 70, 131)
(37, 76, 146)
(37, 92, 114)
(38, 48, 59)
(38, 51, 57)
(38, 53, 70)
(38, 53, 85)
(38, 56, 100)
(38, 68, 70)
(38, 70, 85)
(38, 70, 131)
(38, 96, 155)
(38, 112, 123)
(39, 48, 56)
(39, 48, 59)
(39, 51, 124)
(39, 51, 136)
(39, 51, 149)
(39, 53, 85)
(39, 56, 73)
(39, 56, 100)
(39, 56, 106)
(39, 56, 127)
(39, 68, 70)
(39, 70, 85)
(39, 70, 131)
(39, 74, 118)
(39, 92, 114)
(40, 41, 152)
(40, 42, 152)
(40, 45, 152)
(40, 47, 53)
(40, 47, 152)
(40, 48, 59)
(40, 51, 149)
(40, 51, 152)
(40, 52, 152)
(40, 53, 85)
(40, 53, 152)
(40, 53, 158)
(40, 54, 152)
(40, 56, 73)
(40, 56, 100)
(40, 57, 152)
(40, 58, 152)
(40, 61, 152)
(40, 64, 152)
(40, 66, 152)
(40, 67, 152)
(40, 68, 70)
(40, 70, 85)
(40, 70, 131)
(40, 70, 152)
(40, 71, 152)
(40, 72, 152)
(40, 74, 152)
(40, 75, 79)
(40, 75, 147)
(40, 75, 152)
(40, 81, 152)
(40, 84, 152)
(40, 85, 123)
(40, 85, 152)
(40, 87, 152)
(40, 88, 152)
(40, 89, 152)
(40, 90, 152)
(40, 91, 152)
(40, 92, 152)
(40, 94, 152)
(40, 95, 152)
(40, 97, 152)
(40, 99, 152)
(40, 100, 152)
(40, 101, 118)
(40, 101, 152)
(40, 102, 152)
(40, 103, 152)
(40, 105, 152)
(40, 107, 152)
(40, 109, 152)
(40, 111, 152)
(40, 112, 152)
(40, 119, 152)
(40, 120, 152)
(40, 121, 152)
(40, 122, 152)
(40, 123, 152)
(40, 125, 152)
(40, 126, 152)
(40, 127, 152)
(40, 128, 152)
(40, 130, 152)
(40, 131, 152)
(40, 132, 152)
(40, 136, 152)
(40, 137, 152)
(40, 140, 152)
(40, 142, 152)
(40, 143, 152)
(40, 145, 152)
(40, 148, 152)
(40, 150, 152)
(40, 151, 152)
(40, 152, 153)
(40, 152, 154)
(40, 152, 155)
(40, 152, 157)
(40, 152, 159)
(41, 44, 146)
(41, 53, 70)
(41, 53, 85)
(41, 56, 64)
(41, 56, 75)
(41, 56, 98)
(41, 56, 127)
(41, 67, 97)
(41, 68, 70)
(41, 70, 85)
(41, 70, 131)
(41, 75, 120)
(41, 75, 127)
(41, 112, 123)
(41, 123, 145)
(42, 53, 70)
(42, 53, 85)
(42, 56, 73)
(42, 56, 106)
(42, 68, 70)
(42, 70, 85)
(42, 70, 131)
(42, 75, 87)
(42, 75, 127)
(43, 44, 146)
(43, 53, 85)
(43, 56, 75)
(43, 58, 75)
(43, 67, 97)
(43, 68, 70)
(43, 70, 85)
(43, 70, 131)
(43, 75, 120)
(43, 75, 147)
(43, 112, 123)
(43, 114, 123)
(44, 48, 59)
(44, 49, 146)
(44, 51, 66)
(44, 53, 70)
(44, 53, 85)
(44, 53, 158)
(44, 56, 127)
(44, 61, 69)
(44, 61, 93)
(44, 61, 110)
(44, 61, 146)
(44, 61, 148)
(44, 67, 69)
(44, 67, 151)
(44, 68, 70)
(44, 69, 107)
(44, 69, 124)
(44, 70, 85)
(44, 70, 131)
(44, 80, 148)
(44, 91, 148)
(44, 95, 152)
(44, 101, 118)
(44, 107, 146)
(44, 123, 145)
(44, 124, 148)
(44, 137, 148)
(45, 53, 85)
(45, 56, 73)
(45, 68, 70)
(45, 70, 85)
(45, 70, 131)
(45, 152, 153)
(46, 48, 59)
(46, 48, 64)
(46, 48, 82)
(46, 48, 89)
(46, 48, 117)
(46, 48, 128)
(46, 48, 133)
(46, 48, 141)
(46, 53, 70)
(46, 53, 85)
(46, 53, 85)
(46, 56, 75)
(46, 68, 70)
(46, 70, 85)
(46, 70, 130)
(46, 70, 131)
(46, 74, 118)
(46, 75, 87)
(46, 75, 94)
(46, 75, 120)
(46, 75, 125)
(46, 75, 127)
(46, 75, 150)
(46, 112, 123)
(46, 114, 123)
(46, 122, 123)
(46, 123, 145)
(47, 49, 56)
(47, 50, 70)
(47, 52, 75)
(47, 56, 73)
(47, 58, 75)
(47, 68, 70)
(47, 70, 85)
(47, 70, 131)
(47, 72, 123)
(47, 75, 120)
(47, 75, 127)
(47, 75, 147)
(47, 76, 138)
(48, 53, 70)
(48, 55, 59)
(48, 56, 64)
(48, 56, 65)
(48, 56, 67)
(48, 56, 69)
(48, 56, 75)
(48, 56, 77)
(48, 56, 80)
(48, 56, 83)
(48, 56, 91)
(48, 56, 93)
(48, 56, 95)
(48, 56, 98)
(48, 56, 102)
(48, 56, 104)
(48, 56, 107)
(48, 56, 110)
(48, 56, 118)
(48, 56, 120)
(48, 56, 125)
(48, 56, 127)
(48, 56, 128)
(48, 56, 133)
(48, 56, 134)
(48, 56, 139)
(48, 56, 144)
(48, 56, 148)
(48, 56, 149)
(48, 56, 151)
(48, 56, 154)
(48, 57, 59)
(48, 58, 59)
(48, 59, 62)
(48, 59, 64)
(48, 59, 65)
(48, 59, 67)
(48, 59, 69)
(48, 59, 76)
(48, 59, 77)
(48, 59, 80)
(48, 59, 82)
(48, 59, 84)
(48, 59, 88)
(48, 59, 89)
(48, 59, 91)
(48, 59, 93)
(48, 59, 95)
(48, 59, 98)
(48, 59, 102)
(48, 59, 104)
(48, 59, 106)
(48, 59, 110)
(48, 59, 113)
(48, 59, 115)
(48, 59, 116)
(48, 59, 117)
(48, 59, 118)
(48, 59, 120)
(48, 59, 123)
(48, 59, 125)
(48, 59, 127)
(48, 59, 128)
(48, 59, 133)
(48, 59, 136)
(48, 59, 139)
(48, 59, 141)
(48, 59, 144)
(48, 59, 146)
(48, 59, 147)
(48, 59, 148)
(48, 59, 149)
(48, 59, 150)
(48, 59, 153)
(48, 66, 152)
(48, 68, 70)
(48, 69, 152)
(48, 70, 85)
(48, 70, 130)
(48, 70, 131)
(48, 75, 94)
(48, 75, 120)
(48, 75, 127)
(48, 96, 152)
(48, 112, 123)
(48, 114, 123)
(48, 117, 141)
(48, 122, 123)
(48, 136, 147)
(48, 152, 155)
(49, 53, 85)
(49, 58, 75)
(49, 68, 70)
(49, 70, 85)
(49, 70, 131)
(49, 75, 127)
(49, 75, 147)
(50, 51, 57)
(50, 53, 85)
(50, 56, 106)
(50, 68, 70)
(50, 70, 71)
(50, 70, 85)
(50, 70, 131)
(50, 123, 145)
(51, 53, 70)
(51, 53, 85)
(51, 57, 136)
(51, 62, 111)
(51, 62, 124)
(51, 66, 82)
(51, 66, 86)
(51, 66, 117)
(51, 66, 136)
(51, 68, 70)
(51, 70, 85)
(51, 70, 131)
(51, 80, 82)
(51, 80, 86)
(51, 80, 115)
(51, 80, 117)
(51, 80, 136)
(51, 82, 149)
(51, 86, 149)
(51, 96, 147)
(51, 99, 111)
(51, 104, 111)
(51, 110, 111)
(51, 111, 123)
(51, 111, 145)
(51, 124, 136)
(51, 136, 149)
(51, 152, 155)
(52, 53, 70)
(52, 56, 75)
(52, 56, 91)
(52, 68, 70)
(52, 70, 85)
(52, 70, 120)
(52, 70, 131)
(52, 75, 85)
(52, 75, 120)
(52, 75, 127)
(52, 75, 147)
(52, 75, 150)
(52, 80, 91)
(52, 91, 98)
(52, 91, 110)
(52, 112, 123)
(52, 123, 145)
(53, 55, 70)
(53, 55, 85)
(53, 56, 70)
(53, 56, 131)
(53, 57, 85)
(53, 57, 131)
(53, 58, 70)
(53, 59, 70)
(53, 59, 85)
(53, 60, 70)
(53, 60, 85)
(53, 61, 85)
(53, 62, 85)
(53, 64, 70)
(53, 64, 85)
(53, 65, 70)
(53, 65, 85)
(53, 66, 70)
(53, 66, 85)
(53, 67, 85)
(53, 68, 70)
(53, 68, 78)
(53, 68, 81)
(53, 68, 85)
(53, 68, 99)
(53, 68, 137)
(53, 69, 85)
(53, 70, 73)
(53, 70, 74)
(53, 70, 75)
(53, 70, 78)
(53, 70, 79)
(53, 70, 83)
(53, 70, 85)
(53, 70, 85)
(53, 70, 87)
(53, 70, 89)
(53, 70, 90)
(53, 70, 96)
(53, 70, 100)
(53, 70, 101)
(53, 70, 105)
(53, 70, 106)
(53, 70, 108)
(53, 70, 109)
(53, 70, 115)
(53, 70, 117)
(53, 70, 127)
(53, 70, 129)
(53, 70, 130)
(53, 70, 131)
(53, 70, 134)
(53, 70, 141)
(53, 70, 142)
(53, 70, 147)
(53, 70, 153)
(53, 70, 154)
(53, 70, 155)
(53, 70, 156)
(53, 70, 157)
(53, 70, 158)
(53, 70, 159)
(53, 71, 85)
(53, 71, 131)
(53, 72, 85)
(53, 73, 85)
(53, 74, 85)
(53, 75, 108)
(53, 76, 85)
(53, 76, 85)
(53, 77, 85)
(53, 78, 85)
(53, 79, 85)
(53, 80, 85)
(53, 81, 85)
(53, 83, 85)
(53, 84, 85)
(53, 85, 87)
(53, 85, 88)
(53, 85, 93)
(53, 85, 96)
(53, 85, 97)
(53, 85, 97)
(53, 85, 99)
(53, 85, 101)
(53, 85, 102)
(53, 85, 104)
(53, 85, 107)
(53, 85, 109)
(53, 85, 110)
(53, 85, 111)
(53, 85, 112)
(53, 85, 113)
(53, 85, 116)
(53, 85, 117)
(53, 85, 118)
(53, 85, 119)
(53, 85, 121)
(53, 85, 124)
(53, 85, 126)
(53, 85, 129)
(53, 85, 130)
(53, 85, 131)
(53, 85, 132)
(53, 85, 134)
(53, 85, 136)
(53, 85, 137)
(53, 85, 138)
(53, 85, 139)
(53, 85, 141)
(53, 85, 143)
(53, 85, 144)
(53, 85, 146)
(53, 85, 147)
(53, 85, 149)
(53, 85, 151)
(53, 85, 152)
(53, 85, 153)
(53, 85, 155)
(53, 85, 156)
(53, 85, 157)
(53, 85, 158)
(53, 101, 131)
(53, 123, 131)
(53, 131, 146)
(53, 136, 158)
(54, 58, 75)
(54, 59, 75)
(54, 67, 152)
(54, 68, 70)
(54, 70, 85)
(54, 70, 131)
(54, 75, 108)
(54, 75, 127)
(54, 75, 147)
(54, 152, 155)
(55, 68, 70)
(55, 70, 71)
(55, 70, 72)
(55, 70, 85)
(55, 70, 130)
(55, 70, 131)
(55, 94, 120)
(55, 94, 127)
(55, 94, 150)
(55, 95, 152)
(55, 96, 155)
(55, 123, 145)
(55, 134, 157)
(56, 58, 75)
(56, 59, 75)
(56, 61, 75)
(56, 68, 70)
(56, 70, 85)
(56, 70, 131)
(56, 73, 75)
(56, 73, 85)
(56, 73, 87)
(56, 73, 119)
(56, 73, 125)
(56, 73, 127)
(56, 73, 132)
(56, 73, 135)
(56, 73, 138)
(56, 73, 140)
(56, 73, 158)
(56, 75, 79)
(56, 75, 94)
(56, 75, 97)
(56, 75, 100)
(56, 75, 106)
(56, 75, 107)
(56, 75, 108)
(56, 75, 112)
(56, 75, 114)
(56, 75, 120)
(56, 75, 122)
(56, 75, 123)
(56, 75, 123)
(56, 75, 126)
(56, 75, 127)
(56, 75, 141)
(56, 75, 143)
(56, 75, 147)
(56, 75, 156)
(56, 79, 123)
(56, 86, 106)
(56, 100, 158)
(56, 106, 123)
(56, 106, 136)
(56, 108, 123)
(56, 123, 145)
(56, 123, 147)
(57, 68, 70)
(57, 70, 85)
(57, 70, 131)
(57, 76, 80)
(57, 152, 155)
(58, 60, 75)
(58, 68, 70)
(58, 70, 85)
(58, 70, 131)
(58, 73, 75)
(58, 75, 87)
(58, 75, 100)
(58, 75, 108)
(58, 75, 120)
(58, 75, 127)
(58, 75, 129)
(58, 75, 131)
(58, 75, 141)
(58, 75, 147)
(58, 75, 150)
(58, 75, 153)
(59, 61, 123)
(59, 67, 77)
(59, 67, 151)
(59, 68, 70)
(59, 70, 85)
(59, 70, 130)
(59, 70, 131)
(59, 72, 123)
(59, 75, 97)
(59, 75, 120)
(59, 75, 127)
(59, 75, 147)
(59, 75, 150)
(59, 92, 123)
(59, 112, 123)
(59, 114, 123)
(59, 122, 123)
(59, 123, 145)
(60, 67, 77)
(60, 68, 70)
(60, 70, 85)
(60, 70, 131)
(60, 72, 123)
(60, 75, 87)
(60, 75, 97)
(60, 75, 120)
(60, 75, 125)
(60, 75, 127)
(60, 75, 147)
(60, 75, 150)
(60, 92, 123)
(60, 123, 145)
(61, 68, 70)
(61, 70, 85)
(61, 70, 131)
(61, 75, 120)
(61, 75, 150)
(61, 114, 123)
(61, 123, 156)
(62, 67, 97)
(62, 67, 151)
(62, 68, 70)
(62, 70, 85)
(62, 70, 131)
(62, 74, 118)
(63, 68, 70)
(63, 70, 85)
(63, 70, 131)
(63, 75, 120)
(63, 112, 123)
(63, 114, 123)
(63, 123, 145)
(64, 67, 97)
(64, 68, 70)
(64, 70, 85)
(64, 70, 131)
(65, 67, 97)
(65, 68, 70)
(65, 70, 85)
(65, 70, 131)
(66, 68, 70)
(66, 70, 85)
(66, 70, 131)
(66, 152, 155)
(67, 68, 70)
(67, 70, 85)
(67, 70, 131)
(67, 77, 156)
(67, 77, 158)
(67, 89, 152)
(67, 91, 152)
(67, 93, 97)
(67, 94, 152)
(67, 97, 100)
(67, 97, 107)
(67, 97, 110)
(67, 97, 117)
(67, 97, 127)
(67, 97, 129)
(67, 97, 139)
(67, 97, 141)
(67, 97, 147)
(67, 97, 156)
(67, 102, 141)
(67, 102, 147)
(67, 102, 156)
(67, 111, 153)
(67, 151, 156)
(68, 69, 70)
(68, 70, 71)
(68, 70, 73)
(68, 70, 75)
(68, 70, 77)
(68, 70, 78)
(68, 70, 79)
(68, 70, 80)
(68, 70, 81)
(68, 70, 82)
(68, 70, 83)
(68, 70, 84)
(68, 70, 85)
(68, 70, 86)
(68, 70, 87)
(68, 70, 89)
(68, 70, 90)
(68, 70, 93)
(68, 70, 94)
(68, 70, 95)
(68, 70, 96)
(68, 70, 99)
(68, 70, 100)
(68, 70, 101)
(68, 70, 103)
(68, 70, 104)
(68, 70, 105)
(68, 70, 106)
(68, 70, 108)
(68, 70, 109)
(68, 70, 110)
(68, 70, 113)
(68, 70, 115)
(68, 70, 116)
(68, 70, 117)
(68, 70, 118)
(68, 70, 119)
(68, 70, 120)
(68, 70, 121)
(68, 70, 124)
(68, 70, 125)
(68, 70, 127)
(68, 70, 129)
(68, 70, 131)
(68, 70, 133)
(68, 70, 135)
(68, 70, 136)
(68, 70, 137)
(68, 70, 139)
(68, 70, 141)
(68, 70, 142)
(68, 70, 143)
(68, 70, 146)
(68, 70, 147)
(68, 70, 148)
(68, 70, 149)
(68, 70, 150)
(68, 70, 153)
(68, 70, 154)
(68, 70, 155)
(68, 70, 156)
(68, 70, 157)
(68, 70, 158)
(68, 70, 159)
(68, 123, 145)
(69, 70, 85)
(69, 70, 131)
(69, 94, 101)
(70, 71, 73)
(70, 71, 83)
(70, 71, 85)
(70, 71, 90)
(70, 71, 94)
(70, 71, 100)
(70, 71, 106)
(70, 71, 108)
(70, 71, 115)
(70, 71, 117)
(70, 71, 119)
(70, 71, 120)
(70, 71, 129)
(70, 71, 130)
(70, 71, 131)
(70, 71, 134)
(70, 71, 135)
(70, 71, 141)
(70, 71, 143)
(70, 71, 147)
(70, 71, 150)
(70, 71, 152)
(70, 71, 153)
(70, 71, 155)
(70, 71, 156)
(70, 71, 158)
(70, 72, 73)
(70, 72, 85)
(70, 72, 106)
(70, 72, 108)
(70, 72, 117)
(70, 72, 131)
(70, 72, 141)
(70, 72, 147)
(70, 72, 153)
(70, 72, 156)
(70, 73, 85)
(70, 73, 92)
(70, 73, 129)
(70, 73, 130)
(70, 73, 131)
(70, 73, 140)
(70, 74, 85)
(70, 74, 131)
(70, 75, 85)
(70, 75, 108)
(70, 75, 131)
(70, 76, 85)
(70, 76, 131)
(70, 77, 85)
(70, 77, 131)
(70, 78, 85)
(70, 78, 131)
(70, 79, 85)
(70, 79, 120)
(70, 79, 131)
(70, 80, 85)
(70, 80, 131)
(70, 81, 85)
(70, 81, 131)
(70, 82, 85)
(70, 82, 131)
(70, 83, 85)
(70, 83, 131)
(70, 84, 85)
(70, 84, 131)
(70, 85, 86)
(70, 85, 87)
(70, 85, 88)
(70, 85, 89)
(70, 85, 90)
(70, 85, 91)
(70, 85, 92)
(70, 85, 93)
(70, 85, 94)
(70, 85, 95)
(70, 85, 96)
(70, 85, 97)
(70, 85, 98)
(70, 85, 99)
(70, 85, 100)
(70, 85, 101)
(70, 85, 102)
(70, 85, 103)
(70, 85, 104)
(70, 85, 105)
(70, 85, 106)
(70, 85, 108)
(70, 85, 109)
(70, 85, 110)
(70, 85, 111)
(70, 85, 112)
(70, 85, 113)
(70, 85, 114)
(70, 85, 115)
(70, 85, 116)
(70, 85, 117)
(70, 85, 118)
(70, 85, 119)
(70, 85, 120)
(70, 85, 121)
(70, 85, 122)
(70, 85, 123)
(70, 85, 124)
(70, 85, 125)
(70, 85, 126)
(70, 85, 127)
(70, 85, 128)
(70, 85, 129)
(70, 85, 130)
(70, 85, 131)
(70, 85, 132)
(70, 85, 133)
(70, 85, 134)
(70, 85, 135)
(70, 85, 136)
(70, 85, 137)
(70, 85, 138)
(70, 85, 139)
(70, 85, 140)
(70, 85, 141)
(70, 85, 142)
(70, 85, 143)
(70, 85, 144)
(70, 85, 145)
(70, 85, 146)
(70, 85, 147)
(70, 85, 148)
(70, 85, 149)
(70, 85, 150)
(70, 85, 151)
(70, 85, 152)
(70, 85, 153)
(70, 85, 154)
(70, 85, 155)
(70, 85, 156)
(70, 85, 157)
(70, 85, 158)
(70, 85, 159)
(70, 86, 131)
(70, 87, 131)
(70, 88, 131)
(70, 89, 131)
(70, 90, 130)
(70, 90, 131)
(70, 91, 131)
(70, 92, 106)
(70, 92, 108)
(70, 92, 131)
(70, 92, 141)
(70, 93, 131)
(70, 94, 131)
(70, 95, 131)
(70, 96, 131)
(70, 97, 131)
(70, 98, 131)
(70, 99, 131)
(70, 100, 130)
(70, 100, 131)
(70, 100, 142)
(70, 101, 131)
(70, 102, 131)
(70, 103, 131)
(70, 104, 131)
(70, 105, 131)
(70, 106, 130)
(70, 106, 131)
(70, 107, 131)
(70, 108, 120)
(70, 108, 129)
(70, 108, 130)
(70, 108, 131)
(70, 108, 140)
(70, 109, 131)
(70, 110, 131)
(70, 111, 131)
(70, 112, 131)
(70, 113, 131)
(70, 114, 131)
(70, 115, 130)
(70, 115, 131)
(70, 116, 131)
(70, 117, 130)
(70, 117, 131)
(70, 118, 131)
(70, 119, 131)
(70, 119, 137)
(70, 120, 131)
(70, 121, 131)
(70, 122, 131)
(70, 123, 131)
(70, 123, 152)
(70, 124, 131)
(70, 125, 131)
(70, 126, 131)
(70, 127, 131)
(70, 128, 131)
(70, 129, 131)
(70, 129, 141)
(70, 130, 131)
(70, 130, 141)
(70, 130, 147)
(70, 130, 153)
(70, 130, 156)
(70, 130, 158)
(70, 131, 132)
(70, 131, 133)
(70, 131, 134)
(70, 131, 135)
(70, 131, 136)
(70, 131, 137)
(70, 131, 138)
(70, 131, 139)
(70, 131, 140)
(70, 131, 141)
(70, 131, 142)
(70, 131, 143)
(70, 131, 144)
(70, 131, 145)
(70, 131, 146)
(70, 131, 147)
(70, 131, 148)
(70, 131, 149)
(70, 131, 150)
(70, 131, 151)
(70, 131, 152)
(70, 131, 153)
(70, 131, 154)
(70, 131, 155)
(70, 131, 156)
(70, 131, 157)
(70, 131, 158)
(70, 131, 159)
(70, 132, 141)
(70, 132, 147)
(70, 140, 141)
(70, 140, 147)
(70, 142, 147)
(70, 143, 147)
(71, 75, 147)
(72, 76, 138)
(72, 123, 156)
(73, 75, 85)
(73, 75, 87)
(73, 75, 97)
(73, 75, 100)
(73, 75, 120)
(73, 75, 125)
(73, 75, 127)
(73, 75, 141)
(73, 75, 147)
(73, 75, 150)
(73, 75, 153)
(73, 75, 158)
(73, 76, 144)
(73, 112, 123)
(73, 123, 145)
(74, 106, 118)
(74, 118, 139)
(74, 118, 156)
(74, 138, 152)
(75, 79, 91)
(75, 79, 127)
(75, 79, 147)
(75, 79, 158)
(75, 87, 147)
(75, 87, 158)
(75, 90, 97)
(75, 90, 150)
(75, 94, 127)
(75, 97, 108)
(75, 97, 141)
(75, 97, 147)
(75, 97, 156)
(75, 100, 120)
(75, 100, 127)
(75, 100, 147)
(75, 100, 150)
(75, 102, 141)
(75, 103, 147)
(75, 106, 127)
(75, 106, 147)
(75, 106, 150)
(75, 106, 158)
(75, 107, 147)
(75, 108, 120)
(75, 108, 127)
(75, 108, 143)
(75, 108, 147)
(75, 108, 150)
(75, 112, 120)
(75, 114, 127)
(75, 114, 147)
(75, 120, 147)
(75, 120, 156)
(75, 120, 158)
(75, 121, 147)
(75, 122, 147)
(75, 123, 147)
(75, 125, 147)
(75, 125, 158)
(75, 126, 147)
(75, 126, 150)
(75, 127, 141)
(75, 127, 147)
(75, 127, 150)
(75, 127, 156)
(75, 127, 158)
(75, 129, 147)
(75, 129, 150)
(75, 129, 156)
(75, 132, 147)
(75, 132, 150)
(75, 135, 147)
(75, 140, 147)
(75, 141, 147)
(75, 141, 153)
(75, 143, 153)
(75, 147, 150)
(75, 147, 153)
(75, 147, 156)
(75, 147, 158)
(75, 150, 156)
(76, 78, 80)
(76, 95, 138)
(76, 95, 142)
(76, 97, 138)
(76, 125, 138)
(76, 138, 148)
(76, 138, 152)
(76, 141, 144)
(76, 144, 156)
(79, 91, 133)
(79, 123, 147)
(80, 92, 114)
(82, 92, 114)
(89, 108, 123)
(90, 112, 123)
(90, 114, 123)
(90, 122, 123)
(90, 123, 145)
(91, 115, 128)
(91, 115, 130)
(91, 115, 148)
(91, 136, 148)
(92, 93, 114)
(92, 101, 114)
(92, 104, 114)
(92, 114, 116)
(92, 114, 119)
(92, 114, 124)
(92, 114, 139)
(92, 114, 144)
(92, 114, 146)
(92, 114, 149)
(92, 114, 155)
(92, 123, 156)
(94, 103, 127)
(94, 103, 152)
(94, 103, 156)
(94, 151, 152)
(95, 141, 152)
(95, 152, 156)
(100, 123, 145)
(101, 152, 155)
(103, 115, 140)
(103, 122, 152)
(103, 126, 152)
(105, 152, 155)
(106, 112, 123)
(106, 123, 145)
(106, 152, 153)
(106, 152, 155)
(108, 112, 123)
(108, 122, 123)
(108, 123, 145)
(111, 152, 155)
(112, 117, 123)
(112, 121, 123)
(112, 123, 141)
(112, 123, 145)
(112, 123, 156)
(114, 123, 156)
(115, 152, 155)
(117, 123, 145)
(120, 123, 153)
(122, 123, 156)
(123, 135, 140)
(123, 141, 145)
(123, 145, 147)
(123, 145, 156)
(123, 152, 153)
(130, 135, 138)
(134, 139, 144)
(135, 138, 142)
(142, 152, 155)
(152, 154, 155)
